-245
71
-375
317
-9
658
-197
-149
-526
-252
-298
-444
903
-537
521
-785
147
-755
361
298
-52
-138
-118
-195
-465
60
557
894
996
538
-944
-692
-600
871
-13
-57
-829
-718
118
281
108
-603
-589
-724
-536
-191
-768
153
161
-70
331
841
477
795
990
-729
138
-666
804
-136
398
-559
-141
529
-110
-845
564
-17
-664
792
-412
590
-359
350
-383
104
-477
371
93
-934
265
670
822
52
-908
-922
-436
386
-689
195
-542
-358
217
-793
719
308
58
928
-442
127
91
293
837
-242
363
78
-389
-265
-499
-173
-827
405
956
400
-501
-715
311
151
-458
-927
-870
-49
-902
369
285
629
-873
-941
-744
-730
-29
859
-240
674
-817
534
-443
504
-11
992
945
-538
-174
-361
193
-46
0
519
-727
63
-154
56
-628
7
-339
-317
-856
-212
650
-842
479
946
679
-74
588
-909
-82
258
290
-210
-983
873
-164
-691
116
373
-762
-519
-777
274
-67
692
-87
730
-113
-619
-133
-170
900
648
-117
-333
234
-644
181
690
647
779
-889
-97
-688
-370
614
174
-669
689
734
50
393
778
235
708
-736
821
696
-390
401
222
-186
-760
123
954
-771
525
23
507
-91
-422
533
-481
-400
-115
-423
-308
-659
422
-238
191
-773
-570
-735
20
840
170
-316
733
-606
722
424
-928
-34
964
-696
-318
-714
906
-961
34
29
677
-484
914
-433
-938
12
997
140
-663
-796
-161
-282
-37
676
-988
-631
-635
765
-30
288
428
-911
-813
-824
823
936
383
962
73
-297
485
-280
-780
-310
-752
739
879
584
-66
339
194
292
176
-271
165
-409
978
-116
-875
86
-275
22
286
612
560
-997
148
-199
-649
66
-522
799
321
531
-968
248
969
-738
-234
283
212
328
209
-273
-494
103
101
640
-449
-270
613
757
499
-122
751
459
862
-899
-524
-722
14
-492
8
-145
440
-425
143
319
-733
-348
184
-266
-158
611
-713
-172
-391
-920
703
-274
-488
-401
-469
219
-208
-205
84
388
951
-293
649
-468
855
-503
942
-818
-855
775
-175
-667
-608
1000
-685
-207
-330
949
-841
-233
881
-171
-567
-946
745
117
803
-767
43
571
-386
970
-427
221
556
-956
888
680
284
226
-832
445
748
892
-200
192
-594
714
-646
-529
915
-262
738
-15
514
87
-787
187
-737
-341
-329
437
-595
-20
659
54
-605
241
998
-41
-571
-942
-774
-923
913
-831
-153
-786
-396
-711
-575
419
-506
333
344
882
-311
601
342
-699
-620
99
304
898
-281
704
30
-482
-395
-739
-2
-96
574
-474
920
-478
177
-451
79
-991
85
-972
-452
480
-225
266
-218
-694
-895
723
-460
838
811
-951
322
-142
472
111
406
-579
575
278
-193
-81
-816
-114
-568
-981
867
626
-705
793
-362
330
-854
-168
-859
609
-399
-914
732
520
505
42
925
746
154
225
-323
-801
341
-261
828
-534
758
806
-140
243
-850
-1000
535
211
595
-725
-421
-185
-742
-16
-84
-657
-765
995
-313
585
102
628
-188
-58
-759
295
858
552
415
122
869
411
-639
829
-454
-883
561
128
-419
-592
-160
-498
987
763
-532
157
-882
809
-201
633
-162
490
-913
-289
-638
356
-992
-924
767
-945
97
666
-352
812
849
-156
-123
-726
214
-700
139
300
632
-393
578
539
-834
654
706
777
627
-894
-229
-803
591
-886
-302
548
368
464
-838
-790
-547
-360
-407
511
-599
402
705
-783
832
570
-464
-523
-580
390
-900
-511
652
-867
-128
-453
399
-387
-111
-747
230
833
9
532
781
-417
-830
-134
933
-880
70
-40
24
-222
624
545
791
179
301
-815
-402
542
493
-139
-228
660
245
427
-272
688
409
-719
-557
-745
-392
-217
976
-969
114
711
-846
606
-621
262
-704
-312
94
-558
-1
137
-572
893
-743
391
-857
-146
423
-288
-740
476
457
-782
-404
907
-224
-60
681
737
-349
227
-868
188
790
-533
-645
-930
884
783
267
21
414
-353
-59
770
-618
-678
434
-921
741
-351
-130
699
-159
324
-446
-51
667
566
-887
-508
-858
207
-543
-861
-479
596
-609
-103
-338
-953
59
349
169
458
622
19
237
-347
-462
-807
257
173
345
-633
788
-132
-182
203
-684
-819
64
75
-398
-147
966
973
-300
923
-623
518
39
-376
721
107
-808
95
224
724
-246
-954
124
456
-343
-28
-512
469
593
466
663
-10
-155
421
135
483
-677
598
-129
-993
-932
-466
-388
-80
506
580
-602
-35
950
938
-695
-566
-166
-546
-871
166
583
-344
270
631
-971
-104
68
-413
-510
416
-907
-335
-249
263
-814
-648
-236
473
-255
-148
-493
-379
25
228
-378
468
817
-521
-428
501
-257
-877
798
-294
709
351
931
-712
850
961
-980
716
-251
827
183
448
403
-263
-650
413
460
-748
309
306
-514
-837
608
747
37
150
889
394
159
-876
325
625
454
160
569
-731
-324
-150
-296
801
332
-756
-48
-948
-373
-843
425
919
651
-998
-717
-105
-55
-703
-483
697
178
-268
302
530
316
-687
-64
918
-126
782
-314
912
524
199
-119
576
-127
-62
-322
-472
-221
453
-840
-471
229
340
-187
442
616
-260
-878
-254
-541
515
742
-545
-107
236
-584
-798
482
683
-607
-925
-709
-326
653
-906
48
-250
-247
-636
592
-578
-863
899
-915
-530
805
-582
-515
271
81
-216
149
-337
-24
-990
-656
-800
136
-112
-697
-716
256
-71
275
621
934
-893
875
-38
474
605
864
-441
-789
51
-485
623
752
462
981
-939
396
126
-502
537
497
-674
-366
433
835
372
-984
152
769
-661
885
-612
144
347
-554
-896
-405
-779
366
-637
-440
-363
55
-950
-14
-812
-190
-491
-486
-26
-710
-99
432
-457
-698
957
130
883
-461
-21
-500
412
713
378
661
-839
843
726
185
-879
-489
-382
644
-56
577
589
573
952
-495
-420
-410
202
-61
694
-662
-702
846
-430
-276
-822
-860
31
551
269
597
939
896
-642
-292
-851
-935
343
470
489
-357
-770
927
-555
728
610
-434
320
977
190
985
-791
164
-374
602
175
861
478
522
362
439
218
555
-509
249
-415
315
968
-429
216
-475
465
92
379
959
198
-766
617
-22
-47
100
354
685
-279
-897
208
-672
491
-665
297
-73
797
113
287
-611
550
223
-163
-438
155
-833
-753
-196
291
-33
-952
-874
-231
-258
-680
4
-528
-690
958
13
619
-754
-157
760
-804
-178
527
710
-976
-214
-8
813
-553
461
89
693
572
-821
-192
523
-898
682
635
156
355
-92
-44
-590
-634
484
980
-473
-86
-45
-625
-237
687
-243
11
636
-643
517
-215
-903
664
-676
-63
-683
-601
-36
220
-970
-658
244
-285
756
638
-137
-550
-825
-76
-32
-853
-211
-372
397
941
-919
384
509
408
-525
-775
15
-576
447
-381
-551
547
-761
247
-27
904
-253
717
897
599
-862
182
-940
891
-989
-198
500
337
579
-926
810
-151
-965
909
993
186
-439
35
735
991
77
-936
656
-450
-723
558
-820
963
-586
374
-836
-654
210
2
-660
-320
-356
-230
450
88
-125
-414
-459
-583
-781
348
436
-849
975
-143
702
878
-455
-365
-962
701
318
618
-640
-239
-206
743
744
-910
-336
582
960
-802
764
-334
750
-872
604
-204
495
856
96
917
-811
824
-963
780
-487
377
-490
280
463
994
-72
-616
168
255
753
-556
-564
252
-497
-340
908
254
196
657
-671
587
761
887
-544
754
916
-411
268
820
786
-732
-283
784
-826
16
47
645
910
-219
528
180
-912
800
546
-424
431
-604
496
-213
-496
-823
438
607
-244
80
441
-706
-364
-278
559
145
-504
868
-120
370
-847
201
729
634
-295
-957
774
-19
294
189
119
-562
642
-959
655
-367
-764
-180
508
848
852
40
444
-505
-463
-108
921
-527
392
-304
-864
-549
72
-596
467
581
-565
999
314
-974
313
381
-235
-734
-305
544
277
18
334
-169
982
26
-184
62
890
167
863
-85
-307
289
-615
-75
112
-805
387
-622
-256
-328
-277
-23
-986
251
-769
740
380
-960
-131
844
643
502
720
-431
410
312
-470
563
851
-403
814
669
-617
641
-394
-167
-891
944
-345
967
712
-354
163
-290
253
-165
-707
5
-467
418
-835
109
-100
937
487
-90
305
-881
-588
-757
-109
303
-426
536
471
240
36
41
49
106
-652
672
819
-681
346
407
-101
98
947
27
-943
-614
-368
359
-806
-223
498
-321
492
446
259
-844
-342
771
242
-778
668
662
-852
-480
948
-152
-701
-929
-287
503
-520
637
-346
988
953
-332
-301
929
141
675
686
-124
911
365
-975
-121
233
-597
673
367
830
815
-476
-630
986
684
854
-763
615
565
853
-901
172
451
132
215
57
158
307
554
902
-982
206
3
639
239
232
404
-264
-904
-94
-42
-563
69
-189
-772
-999
-655
-931
260
-377
46
38
-248
553
594
-350
327
67
-973
-181
-647
-232
678
310
-447
772
435
-848
510
-784
-670
-613
526
146
-25
250
-384
-39
768
338
802
-728
443
-325
-267
360
129
870
877
-788
299
984
282
-949
-979
600
-418
512
-83
134
296
-964
-641
131
-220
983
-284
-574
-209
264
-291
-624
-226
922
486
382
-286
630
-918
231
-507
-587
-203
727
-560
549
-627
162
857
901
53
33
-408
-751
-626
691
785
808
-598
358
-810
718
926
120
125
-102
376
700
541
872
-535
395
65
133
-869
-144
-593
568
707
-967
-456
-309
-331
-693
965
759
-517
-435
818
-53
-746
930
-437
-884
-177
842
-369
-795
-65
-792
-397
620
-708
-668
336
272
-651
886
-98
-947
725
-355
816
-577
-892
-996
44
-43
-179
540
-591
335
200
-809
357
-552
-987
-629
-69
-686
-573
940
-315
142
671
449
238
-516
273
762
-54
860
-202
-88
543
-432
-750
-994
90
-720
567
-95
-50
-385
-561
-448
-866
-241
246
-955
-106
-7
420
352
-985
794
562
-380
-548
475
-327
845
-610
826
935
789
-513
389
205
974
-416
-905
-682
-12
-917
452
-5
171
-540
83
375
-259
-194
-303
455
-518
-306
847
-741
82
430
494
-977
943
-797
-937
-888
895
353
766
-679
-176
989
488
329
880
76
736
-916
429
839
-865
695
665
-828
773
876
-4
17
-269
-653
61
776
-135
28
866
836
110
-569
74
10
1
326
-885
-445
-78
364
932
755
516
-749
-794
979
955
-632
-531
-673
715
-966
731
831
276
-31
-3
-406
698
-77
749
-539
279
417
105
-675
586
-758
874
-89
213
971
-371
807
481
-890
513
-799
115
-6
197
426
924
32
787
204
-68
-958
-79
-227
-933
-299
323
-581
-183
121
-585
385
-995
-18
972
825
796
646
-978
-319
45
-721
6
-93
834
261
-776
865
905
603