-1365
1182
-4341
-1714
2554
-3842
4909
-2338
2443
4741
-2213
4479
3474
3172
1812
1220
-66
3644
2407
121
300
4228
4853
-3205
-3872
-4511
1888
2128
328
2228
-1438
-1668
2401
-1722
2133
2916
-1309
2855
-2563
-2619
1906
4004
1376
-235
1754
3923
-2534
-1791
769
3151
-4804
3559
3102
3934
-4556
2235
-4902
-4734
-477
-446
2448
119
302
-2632
-2024
-2281
559
1496
-4622
-3933
-3800
1991
3010
3174
-2700
-1526
3430
2930
239
-1128
3682
2741
3165
-1407
4104
-2698
-3827
-4423
1409
-4391
-688
4709
2578
446
-2728
1030
-4149
-3431
1480
-2096
3211
4886
4626
131
2091
-4277
680
2191
-136
-432
-3982
4939
3388
-1882
-2673
-413
-3877
-1944
1248
3248
2720
-2708
-1934
-1070
376
-1069
-2363
137
-4681
-3530
3118
-1770
3399
-4538
-1564
1809
-924
4421
-3891
-4783
3634
-4436
-2552
-288
-1927
-4521
4933
2268
2991
3967
2208
649
-975
257
1177
-2800
798
-2170
4774
786
-4803
2067
-3532
4500
-4338
4268
-4716
4141
-369
558
1013
-2100
193
-218
134
3799
-4603
-3855
2129
-3909
-3738
2339
-1279
3879
-2454
2118
-3699
-2709
3945
3863
4171
4446
3053
-1135
-180
4608
-215
-1826
2413
2174
-4026
-2229
-385
4023
4151
-65
-1811
-728
-2109
1316
-1150
1401
2684
-1779
1952
4596
4138
2812
381
-1594
-3283
2877
4272
4994
4789
-114
-2791
4818
3392
4032
-3027
373
-2993
-810
-3782
2142
2671
1468
-4741
-6
-353
3327
-637
3091
-204
3082
4129
2856
-4257
1874
1549
2248
-3691
-4842
3593
-4676
-1688
988
3856
-1470
4997
3171
-4163
-2156
-3158
2695
-4240
3840
195
334
1774
-4461
-2492
-1122
-1326
-2116
3387
-2955
-3134
-3860
3549
-1060
-2163
-2887
736
-307
-754
-1173
-3717
-778
1552
4108
-3439
3293
3498
921
1620
3917
-1363
3753
-1772
-4032
-735
-3079
1729
-3897
-573
1514
-4637
4585
378
2745
2271
-814
-1973
3962
-1716
-2070
2690
1792
2256
-3143
-755
-995
-25
-3273
-1667
466
4821
3995
1979
-918
-475
-4041
-2959
-4050
3789
3098
1392
-3500
80
1100
-4430
2697
-3296
2788
-1376
4176
-3803
204
-4325
-3707
-3048
-428
2033
2685
-464
-4052
-3113
-4393
-1064
-2736
-122
-931
-4651
-4677
974
-444
4995
2329
-2288
-509
-4682
1367
-3595
-1622
-1479
2291
-4675
-4617
-897
-4515
2770
-1214
3
-1124
4811
-1782
989
-4911
-727
-1915
-579
4058
3765
4162
2323
-557
-1061
-3873
773
1191
1437
4348
2354
662
-1252
2660
-2790
1491
3290
-1911
896
-546
-4136
4046
-1319
-460
-1865
3236
2743
4383
-2916
-184
3334
-439
-2434
-3908
-3227
-303
-984
-1961
-1896
-2922
231
-4327
3266
492
-3238
3973
1398
-4194
3009
-2382
-3026
-2054
-1977
-400
-3807
-4425
3896
-419
-4725
-2371
4316
801
-3902
4641
4499
4142
-4815
2019
1183
3395
2505
1246
3747
2272
1339
-2496
-1633
2057
176
-3467
-4254
665
3106
-1111
3696
-348
2506
3980
2290
3066
-4470
3994
4738
864
4401
-7
2103
-1883
-1354
350
3503
2301
-162
-796
623
-2119
4494
-3102
-349
4053
-3730
-4058
3591
4148
2501
-2122
-2179
-3304
-1074
4480
-3586
393
-4557
4358
-1718
3020
-1914
-144
1111
102
-4013
-208
-3428
431
-3298
536
-2309
-3135
-3509
-4649
529
422
3951
-2376
815
4392
-1938
-590
109
-2547
-1251
-2183
3780
1297
-133
3452
1427
-2958
-2147
3810
-3533
4286
-4398
3813
-2055
-3712
3119
2518
-2362
555
1993
-2432
4614
2940
-1465
247
-534
3181
-2487
1484
-919
-1804
-792
2061
1452
132
-3612
4248
2488
2003
278
-3356
-4594
-4509
476
-2610
3738
-2823
1308
-4181
-2966
-3826
4291
4882
2751
-4158
1638
-968
3513
-3031
2648
911
-4995
3707
-2933
-1786
2
-3693
-376
-1226
2998
-312
-844
-794
3751
1112
4753
4698
-414
235
3207
266
2353
4654
2056
-2446
1375
-1793
2923
1688
2586
4823
-3493
-4256
1851
-4527
-965
2748
-4318
-3601
918
2150
-1437
2752
-3993
1667
4017
3993
3542
-2591
4285
-4853
-328
-3047
592
-1913
437
2555
2281
-1389
-1428
4814
-690
1338
-2063
3911
4865
-1224
2734
270
-3903
-2717
3658
-1533
-2848
-2171
2155
2282
-4259
1632
1275
-3404
833
3731
1899
-3103
-3149
0
-1009
-1545
3179
-425
3031
-4046
-2476
941
4954
3407
-1067
-3181
-3566
-3191
-287
-1832
-577
1240
-386
2692
-3000
-1092
-3490
2630
-4332
-730
-2937
1573
3736
3706
793
1803
4465
-1393
-681
-2091
91
-3526
2926
2332
2000
-2463
4351
3928
-634
2731
3889
-553
-2714
-2421
222
1476
716
3225
-4371
1131
-2210
-3651
3438
-1474
3952
-1724
3028
-996
2966
-1390
-2448
1598
-1757
1951
3058
2881
-1372
2352
4601
-4450
-3688
-4487
-3575
590
-2197
2037
3476
-4137
1916
4078
-3690
-1478
-4537
2721
-2004
-2038
-1823
838
3900
-4173
-3005
-1924
-4006
1029
-1098
4196
4361
-817
2840
4635
4777
1381
600
-1426
-2577
-4427
3576
353
212
-2125
696
1589
1253
-2501
699
1459
713
-880
1661
-2236
-638
-2405
81
-3884
-482
-2752
-4291
-1492
2680
4958
-3011
2489
-3122
-3121
-1498
1831
-480
-3928
-1762
-1454
2929
-1248
4529
2854
-2659
4374
-581
2790
-3592
-574
1881
-3970
-3156
-3639
-2607
4419
-3390
1594
86
-3958
-4500
807
-2177
-1895
-940
3208
-1318
-1037
-3501
1957
4692
-1011
3671
-1968
-3627
4087
2623
-3536
4863
-3814
-4459
1813
1106
3212
449
2776
1691
-3231
3981
-3207
-1153
4451
-2127
-3703
-928
-3463
-3236
-3020
2236
-1219
-756
-4312
-3187
-4979
-914
-4865
1836
-1068
1883
2559
477
2833
-280
-4290
2308
1207
-1375
-2199
-851
4776
1114
-3281
-563
-3682
1060
3677
4643
-4188
4034
3651
-993
-313
-2726
-1830
-3377
-467
876
-3474
3398
-2058
-174
-2037
-3805
1956
-3743
-1499
1528
-2634
1061
4571
-4263
2321
-3832
-809
1716
4663
2066
-876
3250
3006
4795
1766
4251
4042
-1373
-599
-1036
1463
3263
2921
-1270
1515
3097
1004
4787
-3675
-1799
-1803
2351
1304
3926
621
-1378
-2670
296
-1598
-3150
2909
-1300
-1101
1558
-3617
-4602
1214
-4744
-2865
-3484
-4131
-2039
-3668
3448
-4037
-2746
372
-76
-4528
3288
-4605
643
-4845
1450
401
-1958
-3284
-4879
-2991
4043
-2906
2378
2775
-4002
-2761
2345
-2413
-4587
2803
987
2574
-4145
2169
-1223
1152
-2443
-4180
3965
-606
-195
2455
-3766
3323
1576
-596
-3477
-2977
635
4330
308
-3957
-3963
857
1983
-4435
2514
844
2826
1846
-4727
1680
1878
3969
3412
154
-2325
2126
-3200
3376
-790
1445
498
3024
2077
164
2927
-2969
-4825
3621
-1631
148
2537
-3997
3244
-3961
3311
-4644
-950
-1050
-4971
1433
-866
-2938
136
817
-1817
4745
-1382
3646
1118
525
-491
-2554
4010
-4144
4840
810
-561
1053
-3516
1251
-61
-2023
-2472
1309
1817
-1970
3054
-4608
-4873
3895
-134
4405
-2136
-2230
-1193
-2083
659
4990
1542
3177
-4795
4460
-4225
-2466
3955
1996
-2529
-2769
4961
712
2918
1858
423
4943
-4526
-4235
1047
4045
1750
3697
652
-4844
750
-2611
3203
2172
467
3873
1044
-4541
-1026
1129
152
4545
32
4645
4321
281
1517
4428
770
-2450
-3269
-1971
2987
482
2279
-3155
4246
-4559
-2222
4382
1512
-4363
-188
-3050
1472
2187
255
-2663
1002
3968
2553
-2716
-4977
-4750
-3476
-3652
-2510
-4245
-3731
1165
-713
4702
3622
3287
2599
-2289
4851
-704
2742
-2090
-2895
4588
-237
-3985
-293
2219
-19
-2414
-2551
496
-925
-1114
-3976
-3148
-3060
4732
2046
3580
-2810
2635
3275
-1383
2573
3805
3402
567
2098
-217
4211
-2556
-325
-4247
342
-2365
-2257
3820
4684
-2407
386
1208
2366
4515
-4793
1355
-4384
-834
-1746
-366
-2097
3139
4548
1948
-2878
-4632
-3171
-1873
-3002
3899
2869
-63
-3330
-2672
-4996
-3745
5
-4192
-30
-4501
-1440
-3276
4433
-804
-2035
4384
-3746
678
1099
-97
-797
-1229
329
-4797
191
-4066
-1732
2727
-3153
2031
-3433
4309
-3824
4959
607
4342
4944
4122
-910
-1600
-1739
-3022
485
1612
100
4847
-1616
4665
-2559
3154
-1849
-4822
-3118
-23
-3257
-1615
3668
2414
2893
-4134
1337
-736
1505
4238
2535
-2825
975
1855
2502
-3843
4255
4792
3351
-3795
4259
-3756
-2115
4313
2928
-3655
-1356
1443
-1206
1862
-2342
1132
-4036
169
-4685
-1679
4686
-771
-92
2233
-718
-560
-3723
-3138
-466
738
-1043
-2608
1279
-1754
-784
1432
-4022
246
-806
-571
-2278
-2888
1823
-2592
-3804
3294
1340
2650
-3573
-1227
1931
3502
2795
4749
695
-4913
2911
1048
4484
-4908
-4791
2008
-2312
-4777
909
-1886
-3054
2158
2157
-4128
4015
-2647
3604
-4460
4163
3322
3837
4815
-4840
2759
2229
143
-3395
-1889
1901
-4796
-3856
192
1444
4845
-2302
-3831
-3555
-2073
1469
6
-3638
4495
3130
-2051
-2123
-2609
4963
520
1879
-1836
-1204
-892
-3870
3093
-405
4011
-4453
3963
3552
4001
2575
3877
-295
-1260
-4650
-1951
-4202
727
4299
-2919
2838
-962
-3065
-1209
1174
-2391
-1434
-362
2892
1396
739
-4446
4491
215
-4737
-869
1429
2123
-1054
-2873
-4530
3800
-2151
3881
978
4857
2361
-670
-782
3370
3352
-1167
3055
1120
1828
-3816
-4550
-3172
-2618
-4616
2961
1159
1922
3259
2906
3627
1235
-1995
1516
2714
924
4757
-21
1397
-4018
3844
2567
1474
860
2451
3626
3182
-4784
407
1848
-4640
1611
1287
963
1457
3030
2480
3233
676
-4370
603
-347
1359
3560
-3424
1637
1464
2471
1799
-4936
-273
-4215
-2158
3064
-4573
521
4910
2395
1518
4174
-182
4829
-3587
2758
1365
1706
-4635
561
-811
4547
4949
-4212
1896
-2016
-4723
-4596
4822
3647
4097
-3023
-2545
1024
605
-302
4036
3441
-4869
2382
-1243
1850
1037
-1120
-4003
-3355
-2542
3467
1026
-859
1382
1054
-4410
4029
254
-2832
-3234
3449
-2353
2317
-436
2168
3371
3539
-528
1270
4186
208
2038
1470
-2228
3033
-2233
-4124
3183
-3349
3373
3470
-4401
2644
-2406
3890
4273
4136
3851
-762
-4638
-2314
1788
3494
-4552
1925
-1432
-1783
-3042
-1256
-3384
4809
-4471
1273
-1847
2683
-2056
1495
2180
937
-54
309
-4092
2821
-1247
-258
-3170
3464
-4033
-4503
-4009
2481
-2316
1217
-2729
-4834
-1080
1892
-503
2433
2305
2944
980
3859
-2118
-1361
-3303
1715
2260
1162
3350
-2811
3597
2006
-275
1791
-1586
-3413
-3046
-4343
-1599
-1386
-1839
-3358
538
707
-2235
-1749
1584
2270
-1538
-1503
-4250
110
4804
-3714
-4187
-949
-1169
4735
-2855
4295
-2830
-221
4021
3137
4756
4370
2230
-2470
-4614
285
-1513
-4708
-4112
-4612
2521
1864
1971
-3678
-207
-1601
2732
-156
-198
2032
2594
4292
4245
-747
973
-4820
-500
-2799
-4718
1289
-4316
4403
4440
-200
-4703
3661
483
4993
-4218
-4889
4740
-3986
-1416
3670
280
3786
4733
1269
-4801
-4542
-3541
4897
4155
-2668
4970
1192
-4585
-2871
4115
2068
1317
2932
-2687
4131
-1142
2296
1924
-457
-785
-2862
-518
75
-3579
2117
1065
-1901
-2732
880
-1121
-4505
-1296
2022
-3306
-3669
-2084
-4308
2647
3070
-3863
813
3162
-1609
4140
-1666
1212
1880
4666
1975
-2160
-1981
3602
-799
-2597
-3309
-1928
-3720
1272
2771
3878
2883
-3385
-4566
-1366
4989
-1348
-4693
1784
-1565
-2847
2072
-3492
-3311
2641
-4141
1973
4182
2596
273
3396
1739
2658
1244
-2671
1753
-4281
1193
3924
964
3681
-2606
-4390
-52
519
972
4102
-4119
-1123
2561
-2429
-4170
-4015
-479
2992
1835
4856
416
-2806
-4539
1200
-1113
-196
4984
1113
-1299
674
2050
3362
2173
622
-317
4560
1264
-3846
4727
2631
2945
-1559
4531
-953
2968
-1673
3725
2312
1426
3740
-4056
-4826
-4274
-506
4521
-1404
240
4934
4082
-4236
224
902
-2636
1042
2036
976
20
-4232
1388
-3799
2687
-801
-2326
703
749
1076
-1767
-4317
2018
1093
3954
-2129
634
-4730
-3495
3366
569
1762
-558
-2692
-2225
-1569
3959
1089
1940
-529
633
2517
-847
-4210
4447
-4786
-3080
1746
-1397
4918
-2375
363
-1700
-3041
2874
4414
-4010
-937
-3634
-4533
3120
1663
914
182
-1439
-1161
-4907
4670
-2107
-4749
-920
-115
4730
-2335
-324
2765
-1519
-1298
-3876
-1091
4123
-1329
4915
809
-1084
2577
-3008
-3621
-2214
-2652
-2050
-1983
1115
2138
-3436
-4590
3908
-4560
2394
128
428
895
-853
4861
4334
1322
4178
4685
-2777
3015
-614
639
4317
-4000
-3974
4796
952
-4336
2712
4633
4306
2873
3783
-3593
391
-1975
3700
-456
1537
1570
358
1014
3511
-3186
2724
61
249
-4165
488
-284
1137
-1435
-2025
4237
3004
3401
3579
2587
-1954
-3409
2107
2736
4005
-832
-1232
-4191
789
2786
-3875
943
-2167
-1921
-1148
4127
4956
3590
-3905
4535
-1511
-3063
-1661
-1969
2058
2259
-901
-1792
1412
3607
4651
-2768
1687
-4966
1268
-4007
1772
-4558
2275
-887
-776
4289
-753
-1353
1126
4096
-1310
-4920
-1584
4574
1926
-556
2349
3152
824
1824
3411
-1972
-1760
-4761
-4901
-763
1693
-676
-1126
3956
-4719
-2449
3947
-2517
3256
1810
-4243
856
839
3669
-2996
2416
4476
-3228
1523
-2173
1252
-1449
-2567
-3794
841
-1621
-1095
-125
1562
2703
2262
761
-4806
4556
-2798
424
-2453
-274
1556
1707
-1541
2702
2626
-1314
4218
-2519
-2383
2947
1154
-702
185
-1316
3742
72
4493
2110
-294
2119
3063
-1717
-4702
-71
-593
1821
2508
-2926
-2911
3156
827
4470
1045
-3179
-1138
4448
1902
3685
719
3088
-368
-4358
-1502
4826
-1073
-1931
1928
-3750
-1910
1460
4380
926
-1451
-1946
-2208
767
1970
-2998
-4005
3512
1090
4415
728
1911
-4195
-379
-655
3483
1725
317
-3133
3766
-3845
-3520
1501
-4985
-1947
291
1481
-4498
3520
1597
2813
-570
4914
62
2976
-12
-750
-4794
-3340
-408
-3719
2365
3090
2314
1043
-4053
-4059
-1234
-1423
-2148
-3292
4422
1439
-1870
-1052
495
834
-1168
-4175
1247
2638
2025
2267
2656
-1
3029
-1686
-417
2764
4039
-4548
3414
-4712
2156
2249
1566
-2141
371
-658
-891
-1103
4769
228
1781
-2286
4605
-3295
725
445
4486
2408
-3588
587
685
-3666
-2827
-543
945
-4264
293
-4652
4014
2383
-602
-4576
-3956
751
-4888
-37
4509
1666
-39
3885
502
-4313
2849
-4835
-1477
-1324
4471
-3230
1017
-333
-1784
-4580
-2679
-3387
-4874
-1002
2196
-2132
-800
3342
930
-4592
3693
-2964
4326
-2267
2338
3198
-2970
3355
-3757
4423
-3061
-3315
-2072
1676
2941
3997
-403
2288
-4101
206
-780
-4219
-4978
3846
116
4399
1110
-3070
-276
2082
2479
4400
4887
3440
-564
-2907
667
4239
-3450
-1556
-2513
-3354
-4595
718
-536
-2594
4528
691
4280
-3857
-3062
-988
655
3798
-420
1770
-933
1050
1607
-2527
-1301
-552
2972
3205
-2897
1031
-3289
-3973
-4914
2582
4328
4426
-4208
2375
4437
-1391
-533
2109
3229
-2041
-4386
-2452
-3278
646
1387
-476
4420
-3220
4890
-1246
112
12
-1532
458
2302
-1177
-4499
408
2435
-2134
-2226
1069
2333
4892
3978
-2165
2662
-3927
-2198
3672
1325
1294
-4143
-850
-932
2566
4599
4264
-2185
-4852
24
-4152
-2190
-3515
-3713
68
700
-1202
2189
-674
-1003
-277
-3288
805
-2395
547
-3708
-4409
-2538
-689
-85
1335
2845
-3510
4590
3317
-4647
2344
59
-2973
-1141
-4959
1006
2707
-505
-3785
3057
4917
3937
-1885
3178
1435
2824
4797
966
4105
-3732
-232
451
-4
4532
1547
3864
-1899
1330
-3039
4836
-4353
-1738
4052
-1019
-748
-255
2974
863
753
-3597
-2159
4646
10
936
1735
-767
-3367
3077
-798
4717
611
927
1141
722
2014
3168
4621
2666
1875
-411
-4696
904
2967
3466
-2333
-2975
3781
-4048
369
-304
-4975
-2369
-4952
1930
759
-1705
-862
1949
167
-2455
-4287
907
947
-744
-4713
1368
-1403
3509
2023
-4731
-3896
-113
-4513
3026
-38
-693
4980
3115
-2340
-971
-1212
4398
-1290
-4071
-2751
1218
2120
2696
-4535
1434
-2098
-2008
1640
2865
1216
2280
-4629
2615
146
-2801
160
-2253
-904
3204
3473
-912
-966
1544
434
2533
-3687
-1939
959
-2923
-1494
2461
3775
-765
3051
2195
2867
2936
-2420
4234
-296
-1677
-4926
3300
-1322
163
-264
2192
2194
-1802
-595
-60
2441
779
3109
-1485
1425
-69
-4296
-4711
-837
4700
4137
-203
-2733
-1752
-4904
-2036
-986
-2231
-2711
3748
-3914
1907
-3441
2611
-4094
531
-1425
4820
3624
2993
-2001
2547
-1304
1175
-1131
3506
3999
-2605
1932
-3157
-248
3428
4762
-1287
-1328
-3055
3757
512
-3582
-4960
-881
-1528
-431
4360
2097
-3218
4404
4950
3286
-75
-3013
2357
-3947
-3472
3408
-2838
2363
4806
-2488
-1303
-4167
3074
-947
991
4161
-609
4282
-2528
1782
3554
3315
4372
-1627
1915
514
3431
3129
-4485
348
-1787
1786
-4525
3755
704
-1327
-4857
4841
-489
-592
1585
-3742
1703
-3788
-73
4185
-4079
-2664
4345
3974
2042
-1493
-3753
471
4051
3874
843
-268
-441
-4397
-981
-3368
1072
3894
1814
-1345
-4266
-4280
3353
-1257
-1469
-1274
4269
1424
-3037
2646
583
4261
845
-2287
-1105
-2782
-2065
-2667
2287
2815
877
4118
-1756
-1960
-1185
-1062
-4663
-3426
-13
717
-3222
3433
-743
1682
3269
-1769
-2710
1678
2434
-4227
3711
-4178
2735
1939
4893
-3088
-4419
4362
-4457
2218
1734
-2114
576
-2982
397
-1332
-4125
-449
3854
4159
601
-3736
1606
-3371
-4670
-926
-872
873
2973
-4606
442
14
430
2888
-3201
-2654
2134
481
-665
-568
-2656
4368
565
-279
4647
-4103
362
1021
522
-4496
-394
-1721
-3422
-2394
47
848
4088
2319
2920
-4437
4978
2570
4217
-4522
721
-220
4128
1166
3191
2085
3186
-2793
3939
3782
-656
1345
1256
4229
2584
-4520
209
1608
-1297
4165
784
-2005
-673
-831
1868
-48
741
4343
2723
1571
2839
-2620
-3068
-3729
1938
-2265
-3955
551
4188
624
237
-3643
4274
4991
198
4232
-1842
-3418
4839
1681
-1662
-2244
1992
-2945
4464
2409
-2644
4009
-2891
-3774
1471
-3267
1978
2240
1167
-40
4019
1510
3193
-160
53
-4209
2907
-2518
-2730
2049
2476
-601
-3702
-2837
-1143
-733
3310
2116
3019
4504
-8
2497
1092
-3307
322
-2886
2244
2429
-4859
468
312
609
-2209
879
272
-1077
-2427
1601
3912
-2493
-3599
630
3709
-3007
-4305
537
4153
-1529
1290
2447
887
-4464
-1305
4764
-1197
2115
-854
-1635
-3014
4103
-197
-4206
-3009
-2007
1372
4675
4998
2159
2306
400
-2337
-1395
-3423
916
4266
-589
4967
-2917
3819
-2465
-3747
-696
-3277
-1317
-3435
-3923
462
-3734
539
305
1900
-2512
3883
-3894
-942
-4352
-712
3084
3442
4899
1343
-644
1599
-1890
4671
4593
219
3389
3522
-159
2544
1679
1298
-1330
-4999
-4769
-3740
-1034
-699
4693
4539
2525
-2550
-3058
-2684
-3893
411
-4233
3331
3817
-67
2843
-3578
1190
-3619
-3456
-1737
-1076
3987
2975
-3711
-915
1977
4773
-252
-4097
2095
2011
2446
3073
3654
1402
-1632
735
-2483
1885
-2742
1559
-4328
2616
-1925
-4588
2844
2996
2600
-3299
2955
2901
3202
-3983
3843
3949
-4710
4432
-4555
359
3678
-1775
-1035
-1881
3596
-2343
-4722
4066
283
2787
-152
720
-1047
3427
-3114
2474
-2053
4411
-2557
4070
604
-3828
1068
-1663
3447
-4514
-49
3144
-3334
4054
3972
-3733
1672
-3767
-4159
-565
1626
828
-4878
-1736
-3258
-1801
-4773
4168
-2201
-648
-586
-2423
2642
-2015
1194
-4850
2171
-4745
-849
-1824
-3790
1660
4551
-3722
-764
3374
1844
3221
4501
3435
-3567
-2022
2458
-2149
-2011
4974
-2080
289
183
3123
3715
-3862
-2273
4718
203
3812
1654
321
893
1136
-2526
4354
-1472
-2146
2789
-3024
923
3774
-572
1107
-2268
1539
1779
-1286
-4698
-4090
-2754
4481
3676
-1748
3242
-4473
-123
675
2190
-1165
-777
4194
-977
-2239
2879
3570
1352
2988
-1273
-4474
2899
1903
4381
-605
4824
-155
-833
-4599
-1162
3417
-1261
-643
-433
-603
2848
-3159
-2578
791
-2044
4607
1616
-2308
-682
-843
-4014
-1907
-3193
3665
2209
2628
-2925
3882
-2809
-1014
861
4145
-2570
4694
-1945
-2187
732
2942
-2974
410
-1392
-151
-2502
2728
929
2515
-360
3037
-131
-1130
-1531
1713
3092
-306
1312
746
-1776
2545
-1235
484
2224
1007
-3513
-2250
-551
-2841
-3624
-3437
1575
2917
660
2452
1525
-2436
-2622
4134
435
3217
-3216
3741
-93
-3244
3714
-3598
-2203
-3797
4565
-1795
-4340
3155
-330
3710
1462
2880
1789
2439
-251
4627
-3606
-1540
933
2293
1593
-2892
2135
3112
885
2257
1595
4406
3192
-1765
2231
-3370
3199
-4939
2688
-4127
1870
3836
-2638
4363
-2662
-4355
-4055
-3408
439
494
23
-4356
-2718
-631
2251
-742
3325
-1522
297
3614
-2031
-2240
1856
3835
-2817
1852
-861
-1055
3124
-4106
-4348
-2537
-874
-1032
2754
960
-4114
463
3299
-453
-3459
-1816
-3141
-3728
-3235
2841
-1109
-1280
-4284
175
3691
-3840
-2814
1721
4579
557
3943
-4876
-3789
4780
4329
-3562
-4414
-4620
265
-679
-1144
3260
4463
1140
-3692
-2741
3606
-3646
2496
4722
-3052
-4454
3577
-1094
4878
-3531
-2017
-2157
3532
425
-3633
-4830
-4042
4832
199
3764
4297
238
-4458
-719
1629
-3084
-365
4116
3723
1853
1133
-106
-1176
2513
-1577
-4216
1018
-4404
-2788
-2078
-4116
3940
3686
-4600
-1778
3857
-4523
-1605
-199
3862
-916
3734
-4099
2464
-4326
-1065
-3192
4582
1173
4472
3307
-4843
-2839
-3608
-3483
-1964
-2306
-4604
3107
-471
127
-494
-3137
196
2959
-1119
-1115
2144
2661
-2482
2808
-1902
1362
-2601
2241
553
-3866
-1916
1918
-1937
313
-2968
-1200
-2603
-1524
-2719
2823
802
-3416
1771
2592
-3253
2557
-4142
-3286
-2829
-4877
-3448
1059
-721
-4752
-2195
-1697
1596
370
804
-607
318
3508
1492
3493
4296
-3072
-2699
2546
4376
-2585
3377
-1996
1622
2835
2560
2948
-1897
-4087
-3695
-4817
-2789
-3486
-2941
2298
4377
-3414
-980
-4065
-3954
3850
1163
1897
-320
-1518
3083
1904
-4532
2411
4512
-1818
3329
180
1278
4783
785
-1004
-4489
-1563
-2124
-3868
-2867
-4790
4679
346
1677
-591
4690
339
-4051
-3718
-4422
505
-172
-3664
384
-913
92
-4434
315
-11
-2
-839
1202
-3950
-2246
1104
-105
-2805
-990
1436
-2428
821
-4543
4833
3085
3316
-3194
4864
906
-3185
3039
-1976
-738
2778
-1491
3044
-1923
1651
4763
-2237
-166
-1642
-1555
-1884
4449
-3350
4729
2160
2558
-1456
1698
263
1701
-3032
1838
4147
3666
-2748
-35
4418
-2833
1319
4723
3702
1058
2472
-2984
-311
540
-2043
3722
3480
-709
-1266
-4302
-4413
2069
-2900
3003
2376
-2324
2470
-3966
3535
-103
2634
3047
1529
-1063
-3499
-3447
1942
1877
1854
-936
-214
3262
-2588
2405
-4982
-1342
-3930
3790
-3074
-1233
1119
-2533
2667
-724
4338
3148
4874
-2318
4037
-1183
4613
-418
1625
-2902
1841
-492
-864
2717
1587
444
1197
-4508
-4733
1473
1176
-4846
-2221
3223
-3105
4867
4707
2374
595
-1807
-2254
-1918
-2758
433
-1866
-1443
3652
186
-1979
4230
-3981
-1729
-741
-4251
-2767
-3419
4612
-2103
2569
-1894
-2685
2087
-530
4100
3957
1296
-3421
-1852
-1190
1946
4896
4983
-2834
-3969
-231
4231
-2507
-2139
2276
899
-343
77
-1841
3298
-3372
284
1986
-4057
-544
-4935
486
3815
-633
-2778
-2797
1210
-24
2769
-1463
1420
-2715
-4239
-4442
-2548
3712
2876
3038
-3620
-822
-2196
3772
218
2431
-2633
4667
3344
-3547
1327
4095
692
-1462
697
-2525
-2701
4061
-746
-380
2738
-4130
-2426
1261
-3197
-2403
3136
-2583
2682
4750
-3763
-4373
-2988
3704
2490
3826
3631
-976
617
-4372
-626
-4680
-3344
-90
-3183
-3164
4152
763
-2646
3305
-4589
-4574
-4664
-4969
4024
491
2346
-3890
-716
-4333
-1401
-1909
-2422
1490
-3410
-407
-1285
4540
2875
1863
-4735
-3979
3633
2568
1591
-2266
-3762
-233
-1562
2516
758
-3724
1033
3071
3013
-3869
4936
-1630
-3245
3357
1315
883
615
-2387
2760
-1766
-26
-4073
3612
3056
2359
-4687
-3644
835
-3574
-4115
-3300
-1537
3157
-4301
-239
-3960
-1597
-454
3871
-2784
-4319
4439
4876
2522
-882
4492
2060
-793
3909
3853
-1734
-818
2131
4538
2951
3492
4073
708
1411
2024
-4426
-4083
-3246
-1245
2755
2536
-193
-2168
3096
-2625
4490
-2944
3078
865
-1989
-3316
-618
159
3046
1509
806
-4076
3680
-2341
-1018
-53
-2131
-1399
-907
-4613
698
-4432
-1484
-1637
-816
2663
4948
1686
560
2081
-2460
3531
4233
-2113
-2581
-2400
836
174
-3044
850
2878
-4518
2700
1185
-4915
3021
-3726
-1213
-1678
-4967
2246
120
-3663
-100
-3071
-3922
2324
1170
3649
202
-395
1740
-4135
4502
-3260
1536
740
-58
2206
2292
3282
-4298
4213
-3941
-2256
-4482
774
-1953
2485
-2430
-272
-825
-2706
-4108
4835
-4868
-969
3988
-397
1211
-3321
1295
1533
1205
28
2063
1578
-1508
748
-2743
-2276
-2535
1196
4482
-1854
2221
-1606
-4814
995
-4894
516
-2475
4048
4558
2827
256
-4789
4355
-4597
-4570
2487
3645
2053
3457
497
-3683
-1843
1643
-906
2136
-2497
2576
2384
245
4356
3921
344
-1337
2958
3104
4150
22
-2166
-2327
-167
447
3834
-3680
3232
67
-1216
-3544
-2875
3368
4353
-168
-4153
946
-1051
-4720
-3019
4657
-4529
-4648
-3972
3005
1507
2689
-2480
-4472
4716
915
-3815
4706
-760
-4493
-1603
2583
1344
-352
2418
-308
3143
905
-4578
2397
4976
-3125
4631
3279
2100
588
-300
3787
-422
4672
-391
-3517
-1781
-83
-31
-2260
1647
3400
-2854
1621
4020
2499
3966
-2331
-4452
-2485
3497
-1164
-4388
2593
-3332
-2313
-2088
775
-4016
-1952
-3352
-651
4625
-2390
-1892
524
-3882
3437
-88
1898
2914
-107
-3018
-1241
-4575
4615
1383
441
-2264
4488
4895
-4111
-2506
-3090
-1994
-1041
11
-1244
3035
-1078
-2725
3983
3343
4628
-2142
-2351
-2364
1466
2613
135
-2296
4240
-3572
-3198
-3640
818
1348
3852
-3035
1121
-4776
-201
1943
3610
591
2342
-2311
-3010
-3864
2307
2541
-2508
-1719
332
-191
-608
2278
-1713
-1152
2444
-652
3679
2910
796
1808
3982
2946
-3975
-4495
-1471
1027
2054
-4361
2793
1963
225
-4976
-2354
-4609
-3291
-2516
-2963
-3636
2261
2355
657
17
-2579
4616
4012
-4289
4669
-2112
3730
-1727
-2785
1448
-1147
-635
-3659
1833
-3754
2167
2887
-2522
610
-2543
4877
574
-1696
-4070
-2380
1628
3247
460
-3470
1960
1364
1134
-855
3674
-632
3650
-4324
4541
-661
-3139
1039
2360
-3229
-3097
3841
-4586
-4983
4199
-3637
636
-4253
2963
-888
4311
-4701
-1751
4177
1798
2021
-3214
2198
4554
4619
671
-3665
1358
-803
-371
-4994
4580
-2721
2311
3537
2608
-2961
-2069
-4169
2147
-4213
-3835
-1589
1486
-1387
-3564
-332
2347
-1514
-4950
-4164
616
-1687
-3006
4461
-4667
3913
-2857
-3920
-2936
4085
-2280
1198
940
4288
4379
-3819
-1321
3992
4701
2341
-278
3777
-4468
-3706
-1822
-3739
-2489
-4940
3792
114
3237
3416
-2500
-3272
-3392
-434
-694
-772
-1020
2381
4180
-1418
-722
2740
4018
3022
-3989
-1583
-625
1790
-1796
-555
457
-979
2071
181
3330
-1684
-4792
-323
-2651
-2914
-1853
-2094
-2695
-392
-1230
1094
-685
2412
306
-3614
4898
-4767
-3400
2938
-1709
-3460
-999
-1505
2706
-3801
3041
3769
-51
-2935
4945
2212
3773
2430
4198
-4900
4771
-3282
4025
-4743
-2566
-3348
-41
2665
-514
36
-1187
-4222
-3100
-153
-3196
1451
-282
-1694
-326
4902
177
-3086
1321
-3625
2252
4430
-3765
1139
-3559
2783
-3758
-1957
517
-1331
-905
1373
-3837
1569
-1029
3273
2715
3770
-1658
-3077
-664
829
3147
2504
232
4083
3255
-2866
-2484
4033
-137
527
1560
-455
2322
-1409
2202
-3628
1153
596
-2389
288
1718
-3514
3436
1665
3589
-1323
1350
-2048
-2040
-868
-3775
-1682
3297
4081
1105
-952
-3110
-659
-519
3220
251
3265
-1262
-2951
535
3159
503
-4133
-567
4092
-2270
-4272
1985
-998
4109
4572
-4809
-3123
3432
1945
3802
1442
-1874
-1364
1749
-3632
-2061
-16
4436
298
2482
-994
-1276
-899
4304
-2962
-3175
-2464
992
-1984
1805
-4947
1379
345
-140
715
1741
-4031
3108
637
-2425
3525
-1860
-4625
597
3486
-1022
2469
-68
-2819
3025
-2295
-283
-3255
-2026
2483
589
-2595
898
-2564
562
-1358
4086
-3092
4549
541
3872
-1483
-967
-3485
1541
2211
2034
4587
-4984
4302
-1773
3045
2913
3721
-2451
-1790
-3631
3655
-4440
3451
2232
4559
-3793
3214
-1862
2140
-3098
4557
2238
-4810
4766
2465
-3704
-2546
4885
1146
3117
1777
967
-1027
4031
4848
-1797
4050
-2074
4617
1203
-4260
-34
1618
3100
-117
-1490
-621
776
2500
-698
2105
849
816
-138
888
1236
138
957
-3347
-4751
-2305
-469
-2930
113
-1174
-3935
-14
-1024
2106
1984
3659
-2842
-2893
-4944
2989
-2469
2062
733
1228
-3791
-2705
1806
599
2181
-4123
-495
3190
1865
-3971
-1708
-731
-1579
-3850
-269
2214
3583
2127
-956
26
-2205
-234
2549
43
1502
783
1886
3443
-805
-828
920
-1771
-3783
518
1301
532
-1093
1768
-3545
3335
4699
-1352
3346
1157
2047
-2688
361
-2218
-2105
-2110
3613
-4494
3703
1087
-4320
3049
4385
-4270
-1125
-3338
3337
3333
210
-3605
-2939
-669
2704
819
2556
-4244
-3844
4759
-1536
4008
3347
3326
-1955
-2661
-1048
3314
4390
-2843
1531
859
-3780
4975
-1406
1010
-4184
-3998
-286
1535
1276
1709
-370
-2162
-2686
-4665
-3376
2121
-318
510
2962
-2759
398
4294
2385
3636
-2401
4758
4113
1752
2898
-4565
-766
2026
-4077
-3381
-1750
122
3847
-4921
-715
-3360
4125
2774
1847
-2524
-4431
-445
1532
3690
-3209
-1421
-1278
-4968
1226
-2086
1968
-4867
2404
41
4455
-1313
4055
-2137
-3225
1935
3785
897
-2292
1378
1258
-4897
-2629
-4303
3384
3150
-585
2739
2863
-3249
-894
1143
3040
-1137
-2934
1475
3642
-340
2379
3238
3405
1641
-812
-20
-2437
3521
-1308
-1496
264
-3557
-2856
1872
2154
4120
-3764
-4418
-4896
-4186
3274
-2379
3291
-2323
-4421
3241
1807
3475
-3503
-2447
-3610
-1726
3188
-124
-2271
598
1955
-1596
-1812
-3768
3367
3381
2371
-3380
-2514
-1473
2477
-3852
2612
-2864
-1932
-5000
1859
87
673
-4061
349
-1458
-2807
2478
-497
123
-939
-751
-2979
2495
-1433
2313
3530
-2615
-1419
-1590
1826
-3266
-1991
2980
4659
-3518
1917
-524
-1669
-2774
-2987
-1861
-1950
-3161
4508
-1933
-2872
-79
-1864
-2392
-2840
3689
1712
1124
-1731
1370
-186
2179
4755
1974
3032
-3017
-1620
4247
-3036
-412
2761
-3710
1962
-3119
-3677
-4709
-4654
3891
3167
3524
3426
-4992
-2771
-1281
-3910
2137
455
4173
-4972
3608
2737
2653
-4639
1760
3113
1690
1022
-520
4775
-3479
-788
1243
2012
-3543
627
-3180
644
147
-3099
2226
931
4030
-2349
4064
-4630
-2304
-1380
-675
4267
-2885
-335
-3773
-2836
-1676
4634
-4601
-2565
52
3941
3823
-4753
1738
3536
-2613
983
3379
-1789
1292
-957
2016
1415
-2275
-1675
-1442
-2541
-4349
4397
-2707
-4833
-1837
4181
-4678
4075
1102
-1880
-2989
-3858
3660
-4028
-367
4111
4526
-4497
4648
668
-576
2860
-2553
-3696
3925
-2152
267
-4424
-3662
-2770
4649
-2569
-4337
-3104
-1112
-3208
-1181
1840
-938
2956
4407
-1268
3514
-192
-2786
-1466
4416
115
-3674
-708
-3067
2534
-1136
216
4
534
2492
-1385
-1333
4522
233
-2241
3385
672
-1567
-2012
327
487
-1828
-4771
4191
1605
27
4849
2794
4879
-1654
1929
-3455
3875
-1821
3568
-146
-4699
-4633
-4179
-4278
1837
-1424
-4866
3249
3688
1155
4901
4158
2565
-265
2269
-2272
507
4743
2099
2591
-4885
-493
-4964
3245
16
3495
-3859
-1720
1815
1954
573
-3560
3990
-3576
3349
-4827
-3095
-1908
-1863
3567
4056
-2756
-1819
1980
1477
-1745
-3945
-890
-1129
-4955
2905
-4689
3170
1832
3727
3629
19
3977
-127
-3673
3635
-1218
340
2837
-3521
-2779
1095
-64
-1272
4791
2773
-4564
1550
4146
-3577
-4949
4971
-2949
-3111
236
-4242
3450
-3611
194
-3169
448
4819
-3391
-4038
-1671
4561
1964
2204
-2252
-3116
2701
-4839
-2217
1802
-4475
823
1438
-270
2673
-691
-2014
3868
-1255
-3784
3184
1455
-3343
-3558
1567
4201
4310
-3425
-3689
4760
1195
-3919
-3880
-1025
-2693
2605
-3653
-2481
389
-4579
1178
-4433
526
2784
-1096
-4091
4779
4964
-2242
4243
-1758
-4449
178
2112
3201
4007
-205
3446
2524
-1530
1674
-3396
-4547
-2412
3829
1564
-2021
2986
-1997
-761
4618
-364
-578
-2978
3556
-2052
2672
-2640
1941
-4805
2609
3303
3465
-2495
1646
-401
-3527
-1867
4287
3173
-4367
3499
-344
4041
4320
4324
4810
2125
1135
-3658
-547
364
287
-4802
-2531
-3117
1602
-3825
-3335
-1388
4253
-1413
-4193
2420
1336
13
-4953
2805
-4788
1230
-2459
3866
4712
-3951
1909
-230
2040
-2010
-4961
-909
2390
1038
-4615
2199
-4755
4193
-1640
3743
2693
4952
-3786
-459
1417
2007
-2617
-2367
-1813
1785
4487
-3988
2392
-1693
-4174
-485
3845
69
694
-458
3791
-1350
-2396
-4807
-4674
1934
-4884
-1967
742
-2889
2242
2035
4683
-4544
-2957
4923
4533
4751
-2259
-4856
-3809
-2696
1869
1303
1078
4916
-824
944
-2498
-2658
4523
-2947
2870
-3254
-3841
1839
2730
3574
-2416
613
-619
4187
4395
-531
650
-2739
-1145
-3028
-246
606
-3427
-3401
-830
4258
822
-2571
1866
4843
-4905
-3626
-4262
1073
-341
2424
-4700
3692
2675
-409
274
3618
-1222
-2283
1662
4519
3369
-4864
1631
443
1408
2149
1905
-2372
4443
563
2124
3375
4210
-3649
1548
4323
4637
3816
475
3332
2331
-3992
3087
4691
-974
1285
-1619
-569
-4504
4569
-3535
2669
711
-3452
3861
-2013
-836
2437
-1504
-2881
-3294
1534
-2212
2800
1895
-2330
3796
380
-1265
1406
3228
4450
1461
-877
-3502
-2194
3393
4872
-4660
3363
-3051
2564
1775
4770
-2576
-516
3572
-1859
-3328
3979
2362
-1851
3746
-2223
4875
-1294
-3752
4003
3586
-2377
-3250
3984
-4086
1187
-289
-2776
1142
-3078
-2499
2729
-4381
1763
-1561
-3126
3164
-3462
-4314
4485
-2868
-2440
3739
-1028
-3453
-1834
792
-3921
-4692
1742
-2386
-2503
2460
-3438
45
-4054
4227
-2284
207
-706
-1626
-4072
3011
1697
-701
-1965
-2753
-2845
4801
-426
-1672
-3847
3867
-1441
-3199
234
4905
2093
-462
402
797
3461
1407
1456
2193
-1576
1328
-1827
2083
1263
3014
619
1223
2539
3320
4028
-3580
3848
1453
-1429
3578
1953
-2574
1125
-4269
-4365
-4120
-1809
310
1801
2853
4800
-3329
396
-846
1266
-515
-3405
-169
3141
3128
-2826
4413
2165
-4998
-4035
-1917
-2174
3479
-4403
-1088
4132
-2573
-4129
4506
-4297
-2815
1882
145
3289
-2186
-2755
-2972
-396
-1500
-253
-4656
-1117
4870
-2896
4721
51
-2602
-3361
-2393
2101
-393
-2682
3257
-1288
-1625
3569
2746
66
-2669
-1903
-1774
-1239
-1649
-1192
4869
3254
851
-329
4680
-1452
-4344
4206
1262
-1289
-2445
-3853
2580
614
2832
-390
-1728
942
4332
602
50
-4882
-3382
-502
1923
4366
-4122
-4402
-961
1227
-1993
-126
-442
-266
-2473
3131
-2126
2029
3976
4166
-539
2094
3391
2694
1239
4838
-2738
3345
-1525
360
-4887
2718
-1768
2772
3656
754
-886
-4027
1965
2337
4271
97
3638
-1685
3584
1543
3788
-3302
-4300
1487
-2883
-4258
-4387
4568
187
-613
-604
-1430
-1660
4510
-3325
-1240
-821
-2145
-4659
-2901
151
4386
-267
4894
3382
-314
4597
-474
1800
-3781
4359
4761
-583
3394
-1659
-219
-2956
-4962
-3386
-3265
-2130
-378
-686
3932
-4345
1724
-3093
2519
3758
1726
499
3985
1419
2001
-3871
-4017
3434
1305
3728
-587
-261
1623
-992
4602
-4688
3971
-3399
168
473
189
-3867
-1312
4341
4143
-2943
-3043
2649
513
-2352
-2274
3946
2579
1722
3561
-1990
1645
1046
2925
2624
-566
-3167
1499
-1284
2300
1764
2325
3541
-3929
1989
-4074
1138
1377
1156
-4910
-4941
-1595
-989
-2967
2484
-4736
-3984
-410
-4063
2632
60
-4892
3445
-4781
3234
-3206
-964
-4438
-1031
1796
-164
948
-3178
-1475
-2366
1003
-857
-845
-4738
-4824
1927
3061
4072
-3203
3808
1657
-538
1671
1342
-1623
-2479
677
-4310
2792
-2762
-2765
-582
1990
4655
4347
1710
-657
-3469
-3259
-4039
-4512
4207
-305
-1307
2889
2686
-3622
1530
-3725
4982
37
2806
4396
1454
-2757
-4860
-3812
-2028
2572
-2444
2440
-1201
-2332
-951
-3496
-3373
-1038
140
-3511
4408
1399
-819
-521
1966
-3217
-3629
-46
-1221
4249
-3075
108
-559
-3681
3048
-3362
-3779
3553
-991
3146
-437
-1794
-3359
-2942
-4697
4371
2819
-1753
1582
65
205
3200
-3442
-2511
-4466
-4760
1695
3086
469
-1170
-4299
-3239
-4851
1149
1861
-2859
1714
-427
3023
3683
-1217
4638
-1302
2797
-3221
1063
-429
-1948
3341
-4483
2526
1062
-517
2177
1889
3453
1188
-1189
-4932
-337
566
2705
292
-4782
-4785
-757
1341
-472
4960
-2294
-3978
98
3673
-2068
-4517
93
-2350
-4954
4367
985
1493
-2417
-209
-2143
-3308
-4549
2076
-2598
2088
-1015
379
-4748
3779
4388
4754
2245
2161
1441
2217
-3083
-4040
-630
4827
253
-1695
-2630
2710
4609
3410
3469
3880
757
1447
2779
-1650
3625
-545
-1520
-3727
-2948
3594
-922
1329
-43
-4161
-3176
683
2043
1096
-1250
1827
-1195
-4762
3386
-2568
-1878
-1949
479
3587
-468
1670
-2121
-883
1353
799
-3430
-2471
1351
4084
-1467
-3806
3209
-4683
571
90
-1149
1668
1568
2864
2139
2304
1077
-262
4921
3489
693
3313
2777
4473
-3268
800
-4477
-3654
39
4673
-3415
752
-2648
4931
2935
-1905
853
-1875
3095
2643
969
-3478
1997
889
2320
3468
71
1822
4000
-1651
352
2084
-1046
-1269
-2879
-99
-1450
2679
1604
4941
3961
-95
1440
436
-671
3708
1288
3929
2831
-4220
-4346
-4157
1221
2295
1237
-4392
-4577
-3924
-1408
3321
1919
1467
-769
-2441
40
-4197
1619
4079
-4465
-1572
4275
337
30
1357
-1547
-3482
2820
4260
4591
-1460
4544
2017
-903
4442
-384
-3096
2258
-4096
374
-3242
-1059
-4118
-3317
2462
-4739
-2419
1082
-4469
2108
3705
-650
-3546
-4970
-3962
891
4620
2096
545
1751
351
2562
2463
3643
-4980
392
-4881
-1347
-2029
1282
2247
-1871
-786
4410
820
-2494
1804
-3489
2089
-2172
-875
-1072
-187
-3879
3814
1489
2044
-1086
2588
4578
4594
-2621
201
2164
-2971
9
-4162
-4394
-1856
3698
394
-4207
-1879
-2144
-2486
-4690
161
3675
-1707
-50
-3589
2369
-2504
1346
-2913
1055
2753
-4479
-1005
-666
-1506
-4107
-1573
3898
970
3122
-3839
-1057
-1249
2811
1421
-2624
4713
-729
-554
-229
586
4803
2816
2445
-3256
4133
3067
-245
-1457
-4705
-3089
2303
-3038
-1431
-2378
2004
-1171
4435
4478
4736
3564
917
-3212
200
-1346
241
1422
1704
-222
-4224
-2307
4687
2822
3429
-1846
2368
-3211
-1692
4573
4452
-2334
-4117
-4366
1393
-3073
-4759
-1238
-3107
2603
3529
3094
-1985
-1087
-1368
681
-3310
1306
-3025
4144
-1930
-1998
82
-3446
1830
3283
4725
-354
-1656
-4621
-4190
-2092
2960
-510
642
-4359
-3913
-4837
-1706
-752
1577
-4816
2915
213
1982
-3248
2652
3114
-2509
-1414
2621
4524
2654
3540
-870
3052
1613
1478
-2077
4866
-4943
-3184
2216
-80
3806
432
-2243
2857
244
2872
4074
4567
-2191
-3650
-732
-2772
1511
4724
418
-4861
-1639
338
-1306
1311
-1715
-3899
4793
4781
3784
-1482
1313
-2657
-4369
-3551
1976
2075
-2076
3272
3421
-3314
-2293
-4456
2426
1650
-1258
-1959
3562
2372
-2932
1937
-1275
1615
-15
-3697
-2674
-4379
385
2005
-4942
-3528
-4223
-1604
-3451
2220
-4295
4852
333
-3337
882
-2224
1933
2090
-3915
1950
-1543
-2704
2145
156
-2766
-3494
1186
4688
2225
-4658
-885
2402
-96
-178
2655
-290
949
2459
-110
1743
-1575
1579
-2835
-1936
730
755
1843
-973
-4150
-141
3515
4454
4728
-963
-2336
647
-2216
2933
2620
-2870
-1360
-2206
-2596
-1592
-3094
-165
1128
-4714
1819
-4228
2065
1286
-1163
661
-291
2799
-190
-2655
1967
-3911
-2544
-2899
1283
-254
-356
3406
1504
-1844
2507
-86
-2277
575
870
-4691
3915
3944
-2034
-2599
248
-4443
-2291
756
4812
-3341
-3585
-3146
2146
-3570
-944
-301
4746
412
1795
-17
-4669
-1263
-1740
390
4689
3754
3278
-1888
2387
4546
-501
-62
1360
-3534
-697
4514
-2439
-873
3420
4331
2622
1091
1122
3749
-4732
-1203
872
4566
-2953
1816
2677
4837
1603
-104
341
3458
-3917
-734
4038
320
-2940
3585
4235
2950
-4927
-617
3340
3603
-2431
-1978
2486
-499
1209
-4987
-616
901
-2691
1265
2456
-1578
319
3230
-3943
2074
1730
878
-2200
4715
188
465
-1179
3501
3185
4660
-1371
4913
4935
1088
-3898
-4377
-2912
-2773
3528
3547
4106
4908
2768
-4067
-1553
-2680
-4666
405
-2703
-3458
-3087
-3475
-4567
-2169
4999
4375
788
-3808
4817
4543
-4607
-4492
4697
-1487
-789
1051
1431
-3796
-504
4575
99
2782
-4025
-451
-3379
3227
-387
335
-779
-2562
-1755
2957
-1118
-2616
-2409
-1422
-224
-3760
-4728
3752
4126
-357
2237
-4237
2399
261
2542
4825
-4182
-2846
-2590
4312
-4183
2531
1413
2607
-498
4044
-3600
-2346
-667
-3561
1085
-2894
3555
1733
-2747
837
3571
2092
-2580
4576
-2763
-143
125
-2666
-2683
-4812
3824
-1906
-4655
-2418
4035
-2675
3424
2178
984
-1831
-943
-3233
-3029
2550
-3918
2862
-4068
-257
3545
-4540
686
-3301
1213
-532
-2722
4346
852
1723
2207
3194
1494
-677
-3064
-1591
-1943
-2818
1961
3563
3261
-4981
4511
-3293
4924
-1647
2970
-4241
2543
3359
-1764
-3331
-4813
-3357
3828
4209
-1869
1994
-2530
-522
1449
2222
3768
1498
4642
-2515
-3210
2884
-1602
-3165
-2604
-795
3914
276
-4929
-1006
-202
3960
-2775
-4020
2070
3280
556
-1459
1374
-3140
2614
3975
107
-2764
2163
-4988
4077
-3480
2182
578
3902
-2927
-2561
2184
1098
-3339
-1253
-1110
3516
4816
2711
3996
3720
-157
4813
124
1071
-4362
-4273
-443
-1638
4431
4214
-3542
867
-2117
794
-2102
-1132
-4062
-355
-176
-1644
-2101
3103
133
-1743
-1156
4068
3462
-684
-3016
826
2949
-1614
-359
-4100
2595
-77
2834
4889
3938
170
765
-3261
-342
-1127
29
4236
854
3744
1465
4630
-177
-4778
-3829
3724
-2623
-4642
-4155
3301
3036
4938
-3672
3224
3737
2619
2529
2708
1555
-2635
4513
1229
2389
702
-3188
2964
-33
3338
-2637
-2133
-2315
3533
-3596
-1904
-1017
-3798
-1780
-4113
-3948
900
-1840
-662
2744
1998
-1761
3793
-720
-2929
4300
-363
-2665
-710
-3333
-3721
1281
3281
4907
-3461
-1593
-4230
4417
2532
-3952
-2737
4459
4846
3309
-181
4094
-3916
552
2273
-537
2847
-3275
-2219
-2965
-2461
-404
3043
2086
-1291
-470
-2983
-3481
-1815
-36
-4956
3163
-683
-1242
-1012
3312
-1941
-3615
-3030
2912
645
1614
4868
1610
-4249
-4502
-3471
3936
55
-481
-2019
-624
-4045
2239
406
-526
1655
2512
-3792
-1271
1056
3565
-3015
4223
3630
-4078
-548
2977
3998
1540
-2368
884
-321
-4279
4987
-3912
275
2358
4871
-1008
-4268
-1560
2393
548
-119
-448
-1010
-900
3588
4314
-3145
3358
-2745
-4948
139
-4084
4992
-2851
1280
2080
564
982
3653
2454
-1612
3657
656
-2712
4318
953
-3787
-1066
968
2343
-4444
-2760
2364
-1648
3390
-4486
3763
1064
1757
-3177
4606
-2071
316
375
2520
4681
4658
4710
3138
-4351
-4069
153
3060
-3001
490
1857
2415
3623
-4400
-4383
4527
-4171
-2301
-2954
-3378
-1868
2882
-285
-225
-112
1565
-450
-1436
1912
-3751
197
-4267
500
-802
4149
2009
-3618
2493
-1295
1206
-3965
2028
-1723
1849
-4177
-3670
1759
3397
-826
-2477
3599
4059
-2175
-1546
1302
1000
-210
1600
-3128
-1664
-1539
-2178
4190
-3402
3126
-358
456
-4584
-4598
2427
-4330
-3053
-2676
2263
3089
3403
-438
-2532
260
-3420
-4928
-316
3206
-3270
-3715
-3656
4563
-1444
1284
-55
-1021
-3132
18
2013
-4631
584
1049
117
-3849
-1001
3884
580
-4024
-2731
3268
3897
-3195
3306
-1725
-135
-4429
258
-2852
-102
-740
4325
-2261
-1992
2466
-3237
-2980
2417
-1744
1234
-4823
-1657
-3182
-1053
2978
-921
4170
1005
-2584
3762
4664
-2723
-1509
4156
-486
-3166
3664
-893
4808
903
3761
4790
3611
-1655
-615
2999
-3887
3970
211
4880
-2520
-2874
214
2309
4349
869
-3761
3075
1630
-4836
-3959
-3519
-852
-2027
150
-3012
4157
-927
1546
-3219
395
-1023
-2066
3271
-1628
928
3566
4489
-3581
-4563
2943
658
-1282
4537
-383
-145
-653
2885
2585
1369
2227
705
-147
2890
-3081
-2992
1081
4794
925
-4890
-1701
-1703
-3160
-4416
-3613
4337
2861
419
-2153
934
-3821
-2860
3904
-373
4065
4265
3195
-3274
-1340
4953
4828
1318
-3147
3135
94
3558
377
-612
2104
-3834
-4818
1324
-2188
-3881
-1277
812
1778
-1585
3797
-2876
4768
-2803
4940
-4110
-3305
-3563
-3833
-2458
269
-3444
-3925
-4088
3527
3251
-1988
1981
3318
4175
-1381
-3529
-1013
-540
3893
-4255
-2558
3488
-2593
2698
-3021
4444
3550
-3776
2757
1513
1731
493
-2749
-3488
-3770
4682
1144
49
1019
1988
4303
4505
-717
-3569
-2227
2527
737
-2138
-1089
-1741
2064
-4376
-2821
-3607
1887
1485
803
-610
-4653
-2924
-3623
-1690
-2099
4344
1829
4925
-2831
-2904
2762
-3657
4611
2205
365
-3429
-4098
-4919
4734
3079
4319
357
-2085
2633
-2433
1307
-81
-2612
-3365
4469
2756
3121
-4756
-878
-4248
4364
-523
-2303
-3907
-1359
1070
-299
-173
2264
1314
-4008
1323
-3190
986
-1497
2201
1508
1563
544
3717
-4562
4860
1818
2449
-842
-331
743
4653
994
-4821
2952
-1259
1389
-3056
-3802
1222
3007
4550
-813
2475
-1405
-841
3523
-3504
4883
1180
2234
3639
3886
1260
-4364
-2356
-4931
-2589
4076
1446
-3057
4842
1169
-627
4090
3538
1876
3145
1624
1995
-2903
-2435
-4726
-3878
2503
1079
-292
-911
-3108
2453
-1611
-4662
-1848
-4126
-2960
-2849
-3684
-336
509
3582
632
15
3745
1783
-4724
579
-4104
-44
-1926
3876
-4089
3776
-4368
413
-2560
-163
1400
4525
-3937
-108
-584
-3895
34
-2193
1164
3986
1947
2674
3076
-4871
387
-645
-2744
-4292
981
1914
4456
1644
-2681
-4933
-1646
21
2903
-2322
554
-4989
1416
184
-3995
-1175
2002
190
-4770
2828
4985
-3838
-4951
3160
155
3361
-1160
-1044
4498
2590
1767
4027
-1140
-3417
3111
2627
1761
1257
-4704
-2678
-2442
-1445
-594
-4974
-2457
2563
2984
-111
3336
-781
-2981
4610
-4189
-2649
-4304
4112
2894
347
-511
3222
1635
4257
2866
-1510
-4221
-3497
-3353
4589
3605
2886
-1254
-4626
4224
858
-2030
4748
-929
-3748
-3568
-4774
3667
-4672
-1236
-4447
4307
-749
-3904
-3694
-3741
1913
-148
4049
-3320
-281
-161
383
-2795
2380
4098
-4138
781
2151
-3686
-3944
-3936
-4618
-4918
1084
2798
-4747
4979
-2946
726
-3136
-4993
3619
862
-4023
-150
4315
-3443
277
-2505
1820
-1825
3865
-4930
-1544
1699
-3045
1080
-1033
-3700
-1374
1708
-1398
3510
1683
-2631
608
2825
-2348
-3189
1158
-3817
1696
1123
31
-4389
3534
1390
2436
-116
4807
2657
262
4241
577
-2347
-629
-2093
-3685
3050
1189
1758
-3076
1526
2421
550
-2702
-2355
-1877
-4958
2113
-3900
3027
1349
-3820
-3999
-2928
2286
4785
459
-1963
4577
881
3012
2432
932
56
-3642
4172
-3465
2148
3101
1168
2902
-430
782
-3540
-4583
229
4089
-463
1728
1890
480
2681
-934
2185
4203
-2089
-2104
3916
4215
-2339
78
-2018
1500
1012
1293
4462
1999
3166
-3505
3409
2589
626
4586
2326
-3491
-3538
-4628
2871
-1698
3733
-3512
4517
-4166
-2424
-2211
670
-2220
3830
4308
1233
-3066
223
768
-263
4767
-3934
2336
-223
-4854
-1267
-622
-985
1482
-1858
-4991
4069
-3445
2551
2255
2410
-1582
4124
2340
2733
304
1009
-1412
-4140
-2884
70
-4627
3825
954
-4408
73
-2300
-1710
-4481
3663
3759
2530
1648
1921
-3630
-1320
-2918
-1155
1871
2722
4091
894
4731
709
1391
-3342
-22
-2950
-668
-1857
-82
-2820
-1079
1199
1765
-2816
4340
-1523
-3168
825
2183
-2285
-319
3213
366
-1495
-351
-2999
-310
-4686
4219
2188
3919
4475
1108
95
-2781
-1636
-2176
-2641
-3202
-4012
-945
-4382
2699
-1158
-3163
4200
-496
-1730
-2192
-575
808
450
-1891
2051
-212
-3854
832
-641
-2985
-228
-4646
-2787
1371
3795
1794
-1446
731
388
-1920
4929
-4185
83
-1617
-678
1428
-3616
-4799
4516
-3506
511
-2320
-1691
426
-2645
-4261
-78
4389
4101
4676
2604
-435
299
-3232
-4234
4778
-908
-1929
-2321
2041
3490
-4963
-4238
1250
4644
-2643
4434
-4553
4412
-3926
-2660
-1527
593
-3393
-2467
-2724
-2207
-70
618
-2357
-3977
-3818
-4380
-142
-2882
4859
-1641
-3676
1232
-345
3149
409
3380
-3262
3042
-1476
1052
-2067
129
3365
4016
4922
-2374
4093
-2111
919
-4551
2143
-3679
3716
772
-1191
-4276
-1552
259
-1922
993
-1427
-1208
1969
-4787
-4694
1225
25
2528
2299
-687
-2735
4553
-1501
-663
-3152
4969
-2890
-3967
4873
629
-4160
-791
-3716
1747
1083
3125
-4506
2924
922
-484
3637
2747
-3667
3189
-1568
4195
1103
3360
-2438
-820
-2310
955
-3755
2318
3517
908
-3938
-1107
1908
46
-59
1271
2310
76
1649
-3363
4221
790
-2299
2373
2548
-2639
1331
3942
1653
-2812
-1535
3062
-4201
1172
4080
3319
1410
3218
3640
-3660
4708
2356
4904
-1228
-2995
-4673
-227
4583
1245
-4811
3292
961
-2813
-2328
2348
4830
1361
-3345
-4990
-4571
-240
-1670
-2549
2994
3833
890
3933
58
-4448
-597
1067
-4415
3110
2111
-4916
-57
3701
-1785
2400
682
-917
-4075
-1966
-2290
-3285
-2329
1673
-4715
-2345
-3468
2285
-1146
-4285
2328
-705
2152
4293
-4105
336
165
-3059
-375
-3374
-3049
3858
-2282
301
4339
4169
3860
-1566
2639
1023
-72
4262
2391
-2385
-4880
-4399
-3127
-3594
314
3842
-745
2406
157
-4917
572
1145
4335
-2360
-3874
1414
-4095
4457
-2047
504
1694
-1554
4135
-4581
-2861
-118
3991
1669
3000
-1481
-1180
996
3598
3197
689
3133
427
-2628
3142
734
4932
4222
-4147
2494
-1097
-2689
4742
-42
3302
4903
2130
1572
2900
-598
-1100
-478
-3487
2601
-4643
-4997
355
1705
-4146
3444
-2373
-4139
4951
4429
-1311
-27
-867
-4347
2629
-4923
2350
-4729
-2009
1554
4503
4040
1354
-4611
-2381
-640
2377
-2869
-1480
-4957
654
-4510
-4342
-2796
454
4301
1811
664
1366
2716
-4758
2468
3617
3901
631
-3539
-2180
1520
453
-3777
4977
-1788
-1674
-1186
831
1404
-3991
-1558
-959
1219
-3069
2807
-2140
4365
-4679
-1453
4167
4441
4062
-1608
-955
-1613
-130
63
1581
4831
-3709
1332
-2780
-1962
4928
-2359
-2399
-3769
-2202
4661
3771
-923
-4490
-4798
875
4595
4402
-473
-1377
1423
2763
-1341
-1551
-1733
868
3378
2750
3454
2425
35
-2828
-3173
-3671
2939
4705
-4357
-3810
-3553
-4060
-4331
3760
-4986
625
1300
-29
4988
-2850
4022
2266
-1833
-1712
-1634
3264
-4706
846
3116
4350
3134
3072
-3942
3930
-2059
1652
1936
-1420
3472
4747
-4064
1524
-10
-2863
-4455
-4019
4802
1066
4799
3419
-628
4496
2315
3519
2850
811
-1394
-3154
3471
-2155
2618
3034
-4203
1430
-1293
-2582
3729
-1486
3888
3735
-488
142
2830
-3101
4110
4584
-541
-3523
-4329
1639
307
-1056
-4740
-4568
4063
570
-1624
-4624
1893
44
227
-2408
-2653
-1178
1036
4704
4212
4598
-4516
4242
-3174
506
3750
-1548
-997
-3397
-4909
-3327
-4200
-1104
-2694
79
-309
3456
-3162
4662
4972
-4405
1127
3732
-2087
-4335
-4081
-4945
-4445
4327
-3994
-4695
42
-2238
-660
-3778
-4895
-1357
-3252
-770
-3142
-2910
3662
-249
-4322
4592
-1447
-726
-271
472
3903
-2575
-4374
-3466
-848
1171
-1814
1074
4639
1101
1744
4788
-1172
-4641
-2234
2079
-3115
2289
-3406
3910
3016
1242
-1339
4357
2200
1386
-3388
331
2804
-415
-3369
-525
3958
1394
651
2598
542
-4862
3001
-737
1130
-1735
4322
1732
-3889
4119
3008
-101
-3939
-3454
-1049
-4214
3175
-2033
1032
1727
-2915
-1455
1488
-620
-1898
2330
3803
-2128
-2297
4270
-4623
-2255
2396
3684
-1711
-2491
-1402
648
3526
3364
-4004
4720
-3508
2852
1527
-3279
666
2990
840
-863
-4937
581
-1264
-1220
-562
101
-1987
-2402
-4339
-2032
-2802
-4121
2908
-1042
2048
1001
-4093
-3548
-884
3324
-4849
-3322
956
4373
-2057
1787
2141
971
669
3127
2283
515
4632
1086
4600
-2204
1016
-4420
-238
-4569
3415
1583
-3980
-4545
-1211
-1489
640
-402
2651
3017
144
4604
-4396
1545
-2587
-838
-2555
-4775
-1370
-4938
-2262
-256
-902
2498
-3215
3328
-89
684
1506
130
4060
724
-4354
-1082
-1205
2851
-2880
-4321
-807
-2794
4996
3548
4962
1326
414
3481
1503
-815
171
764
568
-236
3240
3158
3308
3491
-2415
-3861
-725
-4412
-1325
4466
-4311
2253
-1045
1395
1689
464
3831
3176
-4476
4862
-2384
-4546
-4488
-3590
-4044
3487
-3968
4117
3595
4067
1987
-91
-3848
-3351
4884
3246
4536
323
404
2836
-4883
-1653
4798
-2824
2636
-2994
-1225
-2154
2846
3496
3132
-2249
4278
-4893
1277
-1683
-1980
3153
104
4130
939
778
-2478
295
4497
2931
403
3059
-2650
2523
4013
-3554
-865
-4315
-1344
-707
-2521
4394
3463
3413
-1159
-374
3372
7
-1838
-3457
-2079
421
-954
-3280
2983
1944
3455
2055
1884
-2990
-322
-4148
429
-4231
-758
-4645
3252
-1133
-3411
-4252
3484
-2361
-3112
1259
-3759
-1999
118
4378
-2181
54
-4765
-4375
325
-1681
4518
2981
242
-4211
-3602
3216
2767
4458
766
-175
-1570
-1411
-2003
3069
356
-3953
-1652
-1151
3869
-2804
-4491
-1196
3839
343
294
-1912
-3318
-2572
-1154
-4828
653
-3772
-2539
-4524
4477
3950
4202
-1400
892
-3645
1780
-580
3383
-3287
-18
641
4677
-4819
268
4290
-2081
4562
3354
-4360
-398
-3749
-2456
-2853
2997
-3290
38
533
-1417
2817
-1557
4640
-4198
508
-4199
4957
-1800
243
1333
1561
-960
-2060
-1982
-808
-452
3719
-298
4164
4189
-692
-1610
-94
-1007
3180
1418
-549
4650
-4668
-4204
290
2045
549
4225
3822
-4838
-120
3948
-1071
-1351
4226
1117
4784
-3771
687
-170
-3661
1538
3989
-171
-1184
-4717
230
-440
2294
-327
4216
1745
1497
-1574
179
-4925
-1379
1356
-4132
-244
4947
-3241
399
-4561
4752
-3319
-3888
-250
324
4881
-3106
1231
-3243
-2952
4855
-3571
-4768
-3003
2197
3592
-1349
-1039
1274
-3701
-930
3849
-2046
3105
4726
-895
842
-636
1255
-1215
745
-1887
-3383
84
-2642
-4832
-3
-1986
3546
-4582
1109
-1835
1201
-3851
-424
-185
4955
-2251
3485
3243
1483
612
-4047
-1893
-4591
4387
-513
4542
-896
4942
910
-4417
1776
-4451
2965
-3552
-3609
-1464
4099
-1542
-3151
2442
912
-3204
4912
3219
990
4696
3253
-3364
1034
3870
-2986
2335
2904
4555
2552
-3271
-4657
3838
4891
-1742
2073
3811
4468
501
-1448
-2677
3632
74
1097
-4858
3922
226
3196
-542
4695
3648
-2908
-3822
3935
1711
2668
33
3699
-129
-247
-1166
3276
-3323
-3131
-3641
1479
2571
1825
1755
679
2010
-1182
2979
-4395
2726
1147
-2082
-3473
57
3778
2327
-4661
96
1267
4467
4844
977
2581
2766
2659
4352
2297
-1515
106
-4973
4277
478
-4462
-3109
3099
4968
8
-132
1011
-4863
4534
3887
-2600
-703
105
440
-4102
-3498
-4407
530
3507
2059
4782
1656
2166
-4307
-987
-2042
582
-1587
886
1717
-2720
-3604
1405
-4671
-1083
-1199
2020
-2920
-1534
3169
-2404
-1237
-3549
4739
847
638
-158
-216
-3251
1363
-4875
2254
-382
-4829
2985
-2523
286
-1343
354
-4847
-3647
-1581
-3591
2250
461
935
-3648
162
1793
-1876
-1099
1215
-4205
4656
1659
2176
1867
1008
-3883
4622
-4764
1634
2937
2175
-4283
3404
-206
3832
-1580
-45
1737
-2232
-823
-3412
149
2213
2316
-2397
3804
2897
-372
1179
-4898
-898
-1689
3505
-739
913
3601
217
-946
2450
-388
-588
-1396
-700
-338
3600
1720
4965
4678
2210
-1747
-3326
2467
3418
3187
4981
-3830
-3375
523
-3085
-941
3239
-1157
1588
-399
-3996
-4021
-1085
-4754
-3811
-1759
2265
585
4425
1834
-4636
4254
-1292
-2411
3827
-774
-3264
2676
3459
4483
-3932
3002
-4891
2457
1592
-4034
420
-3224
3460
-2783
-4766
4946
-2727
-3698
4424
777
-4082
-4385
-1058
4772
-2468
4937
3918
4973
-827
3285
-2020
4900
4719
311
-935
3423
-1845
3767
-2045
4624
-723
-3522
-4872
4854
-183
126
744
-2279
3081
-87
-3124
814
-109
-4480
628
-2248
2664
3821
3620
2810
2868
2796
-1468
-1090
-1919
-958
-507
1041
-4286
-4030
-2344
1891
-1461
780
-1763
-2388
-490
4192
543
3756
-3040
-1207
3575
2510
-1106
4564
874
1184
4850
173
3713
4445
3504
172
1590
2419
-389
2640
-4742
-1139
1181
3551
729
-4757
-2245
-4350
1025
48
2597
4603
-1081
-2690
-4309
-3403
-1198
2749
-1507
-4176
-2106
-377
2422
4711
2709
4737
2995
3807
2719
2954
-4534
2423
-2215
-4906
-4217
-3034
-346
1675
1204
-334
-787
-3987
3953
1894
-1516
3267
-3865
-1369
-1134
-840
3477
4623
-3407
-2358
4283
-84
1347
-1680
979
-3990
3235
2277
3964
-4109
4057
1522
-4441
3210
1609
2610
-978
-4924
1642
3694
620
-1338
-4265
-642
-3584
795
4298
4986
-527
-3434
2725
4284
723
-154
3920
1241
3695
3277
2919
-535
-32
-3313
-3120
-611
-4043
-3906
3573
-4721
4121
-1645
-260
-3082
-56
-1900
3425
-2740
-3744
-5
-2490
-4029
-3583
64
-1108
4703
3356
4926
-2182
2781
-3886
-4965
4920
3818
-3813
452
3615
1845
-4922
-4855
-3129
-2108
-4519
-2189
3422
-649
2922
3339
415
-2002
2274
-3226
-4808
-1806
-647
2895
701
-226
4252
-2000
-2905
1580
2801
3304
-3537
-4334
4071
-3091
-4800
-461
-3507
-2474
-1974
2953
2785
103
1551
3482
-783
-4294
-1850
-4610
2829
2386
-3556
-4080
-3324
-128
-4507
220
-1362
3927
2215
-1810
1310
-4870
2403
-3565
-4229
-28
-1521
-3836
-4634
-3297
3018
-339
2370
-759
-4306
-1629
166
-4154
-1283
-2120
3892
4427
-600
1403
-1355
2398
-1231
3628
-835
3616
4919
1557
2428
271
-74
367
-3931
-3464
-4282
1860
2102
-4707
-856
4858
4305
-4275
-2808
-465
-4467
4507
-4484
4805
368
-4593
-1829
-121
-98
1972
2818
250
2511
4006
4369
-1872
-2626
-1798
1320
-189
2896
-4848
89
4208
1015
3557
-211
-654
-4323
-2247
4906
4026
-858
4636
-672
-1210
1519
2538
-4531
4281
-4912
438
4474
111
1150
-3737
1702
3226
-4886
-1102
3687
4263
-4168
3215
-179
4276
2052
-2184
1160
4765
3478
760
326
4220
-1808
4834
-1699
-4406
-2317
1161
4438
-1549
4744
-1607
1380
-3346
-2898
2602
1334
-3223
-4288
1521
-4536
-889
4204
-3394
2039
999
938
1910
-1315
714
4047
1627
3809
-3033
3931
1692
382
1685
4674
1028
282
-1016
3296
-447
-3940
1684
-423
1873
-2822
-3312
-4572
2122
-1410
1040
-2750
2934
1020
3726
-2586
866
3140
2078
-259
-4841
3080
-1702
871
1736
3801
-879
2438
710
-2095
-3735
2540
2814
2969
-639
3543
-4293
-487
4453
2691
-2792
-2150
-1517
1299
1773
1116
-2006
2388
-139
88
141
1769
-4684
-1334
-1820
-2976
303
1291
-2064
1254
2030
-3449
-4411
158
4139
-1335
762
528
-421
1057
-213
-1588
-9
3855
3641
-3524
-773
855
-406
-3240
2186
2223
4530
2132
-243
4244
2891
-508
-4899
3518
4888
-4763
1249
3258
4927
4520
-1643
-2921
-829
4629
-1805
1636
3544
-768
706
4552
-1415
1700
2170
-3525
-4085
-3130
-4934
-1116
950
-4049
2473
-4619
-2370
2678
2509
-3823
3295
-1550
1920
-2164
-860
-948
2713
-381
-2319
-47
-194
3907
-3705
3161
2971
4570
-4428
-3603
-1777
-4439
-4011
2367
1574
1238
688
4205
-4903
2859
-4779
-982
3284
830
-2713
4002
-2697
-4001
4107
-2161
-416
1035
330
690
747
-241
3348
-2844
-4831
2780
-711
-3440
2617
2015
2809
-2135
-3892
-149
-1075
-646
2645
-680
-550
1664
-2909
-2258
594
-2540
-4772
-2398
771
-3964
4786
4581
2162
-4246
-3004
2791
-3901
3581
-623
-3247
-3885
-970
221
4409
3231
417
-4378
-2997
-4226
4911
-1000
-483
-695
1151
-4463
4114
474
1586
951
470
663
-2410
252
2842
-4946
962
-2734
2802
4184
-3949
-1571
2243
-512
4336
-297
-3398
1959
3794
-2627
-3550
2153
3906
-1940
-2614
2203
-1030
-2858
3270
-2931
4714
-4196
2027
2670
-2049
1553
2284
998
4154
-2075
-1367
-1040
3718
-4151
489
-3144
1958
3609
-1384
1458
-1512
-983
1075
4393
-2062
4652
-1855
-2263
1617
-4156
3068
279
4250
4256
2491
4160
2858
2637
997
3439
-1194
958
-3336
85
2334
-1488
1756
-2877
-2269
-3635
-2536
-3263
4930
-1956
-350
1658
4333
3905
3500
-4554
-972
-2462
-4172
546
1842
-242
4183
1148
-1704
1
-315
-3366
-1935
4966
4179
1633
1384
-1336
-3432
1748
-3213
2114
-361
-3946
-4780
-4271
-1942
1797
3065
965
2606
-3389
4197
787
-4746
4279
2982
4391
-2298
2625
1224
-871
-714
4668
-775
-4478
1719
-1665
-1188
-1618
1385